00000,1,10000,1272
1,0,0,1,0,0,0,0,1,1
1,0,0,1,0,0,0,0,1,1
3,0,0,0,1,1,0,0,1,1
1,1,0,1,0,0,0,0,1,1
1,2,0,1,0,0,0,0,1,1
1,2,0,1,0,0,0,0,1,1
3,0,0,0,1,1,0,0,1,1

00001,1,10000,1111
1,0,0,1,0,0,0,0,1,1
1,1,0,1,0,0,0,0,1,1
3,1,0,0,1,1,0,0,1,1

00002,1,10000,1212
1,1,0,1,0,0,0,0,1,1
1,2,0,1,0,0,0,0,1,1
3,2,0,0,1,1,0,0,1,1

00004,0,10000,1234
1,3,0,1,0,0,0,0,1,1
1,3,0,1,0,0,0,0,1,1
3,1,0,0,1,1,0,0,1,1

00005,0,10000,8888
1,0,0,1,0,0,0,0,1,1
1,0,0,1,0,0,0,0,1,1
3,0,0,0,1,1,0,0,1,1

00006,0,10000,1235
1,0,0,1,0,0,0,0,1,1
1,1,0,1,0,0,0,0,1,1
3,1,0,0,1,1,0,0,1,1

00007,0,10000,3204
1,1,0,1,0,0,0,0,1,1
1,2,0,1,0,0,0,0,1,1
3,2,0,0,1,1,0,0,1,1

00008,0,10000,2094
1,3,0,1,0,0,0,0,1,1
1,1,0,1,0,0,0,0,1,1
3,1,0,0,1,1,0,0,1,1

00000,1,7000,1272

1,1,0,1,0,0,0,0,1,1

